00000000000000000000000010000011
00000000001000000001000100000011
00000000000000000010000110000011
00000000001000001000001000110011
01000000001000011000001010110011
00000000001000001111001100110011
00000000000000011110001110110011
00000000000000001100010000110011
00000000000100010001010010110011
00000000010000001010010100110011
00000000001000100011010110110011
00000000000100010101011000110011
01000000000100010101011010110011
00000000001000001000011100010011
11111111111100001111011110010011
11111111111100011110100000010011
11111111111100001100100010010011
00000000000100010001100100010011
00000000000000001010100110010011
11111111111100100011101000010011
00000000001000010101101010010011
01000000001100010101101100010011
00000001011100000000001000100011
00000001100000000001001010100011
00000001100100000010001100100011
00000000100000000000110101101111
00000000000000000000000000000000
00000111100000000000110111100111
00000000000000000000000000000000
00000000000000000000000000000000
00000000000011111111111000110111
00000000000000000100111010010111
00000010000000000000010001100011
00000000000100000001010001100011
11111110000010000100111011100011
00000000000000010101010001100011
11111111000000000110111011100011
00000000000010000111010001100011
00000000000000000000000000000000
00000000000000000000000000000000
